======================
NOrbitalAP  64
======================
======================
======================
0  5.691192797542169585e-02  0.000000000000000000e+00 
1  2.364193053289210256e-01  0.000000000000000000e+00 
2  8.089797427783883277e-02  0.000000000000000000e+00 
3  6.105458292978251274e-03  0.000000000000000000e+00 
4 -8.629732105957510502e-02  0.000000000000000000e+00 
5  5.726524403834534760e-02  0.000000000000000000e+00 
6 -1.107248000398959598e-01  0.000000000000000000e+00 
7 -1.084431913119405511e-01  0.000000000000000000e+00 
8  3.700203006665034322e-02  0.000000000000000000e+00 
9  2.871666884960538124e-01  0.000000000000000000e+00 
10  6.098862562771040219e-02  0.000000000000000000e+00 
11 -1.214035374944070905e-01  0.000000000000000000e+00 
12  1.689756848022141988e-01  0.000000000000000000e+00 
13  2.263438341737059323e-01  0.000000000000000000e+00 
14  2.858790923438968568e-01  0.000000000000000000e+00 
15  6.063546059528016063e-02  0.000000000000000000e+00 
16  2.679259321723526099e-02  0.000000000000000000e+00 
17  8.015893011991404027e-02  0.000000000000000000e+00 
18  6.700683640405775965e-02  0.000000000000000000e+00 
19  5.765170655771090918e-02  0.000000000000000000e+00 
20 -6.434920857528952931e-02  0.000000000000000000e+00 
21  3.718944345501404031e-03  0.000000000000000000e+00 
22  1.317086425167493351e-02  0.000000000000000000e+00 
23 -7.956549021724254600e-03  0.000000000000000000e+00 
24  1.646510714719662261e-02  0.000000000000000000e+00 
25  6.024864989633331447e-02  0.000000000000000000e+00 
26  5.667876808271831574e-02  0.000000000000000000e+00 
27  3.774148769464315961e-02  0.000000000000000000e+00 
28  1.047292640602444092e-01  0.000000000000000000e+00 
29  9.142752358448859307e-02  0.000000000000000000e+00 
30  1.822504295521418238e-01  0.000000000000000000e+00 
31  7.975180014175878296e-02  0.000000000000000000e+00 
32  5.357359915855727794e-02  0.000000000000000000e+00 
33  1.766171521111544185e-01  0.000000000000000000e+00 
34  6.601593102495821597e-02  0.000000000000000000e+00 
35  1.090827119019464539e-02  0.000000000000000000e+00 
36  6.036594323271454732e-02  0.000000000000000000e+00 
37  9.167129400254918348e-02  0.000000000000000000e+00 
38  8.435128423417177779e-02  0.000000000000000000e+00 
39  5.710680905829388157e-03  0.000000000000000000e+00 
40  1.745553063140303784e-02  0.000000000000000000e+00 
41  1.069923799359494554e-01  0.000000000000000000e+00 
42  2.989771250687887905e-02  0.000000000000000000e+00 
43 -5.871653261397313806e-02  0.000000000000000000e+00 
44  3.354943790507153301e-02  0.000000000000000000e+00 
45  7.776024672648072789e-02  0.000000000000000000e+00 
46  5.753486087169725621e-02  0.000000000000000000e+00 
47 -8.200335737637931208e-03  0.000000000000000000e+00 
48  5.500257134866990555e-02  0.000000000000000000e+00 
49  3.990677078786334930e-01  0.000000000000000000e+00 
50  1.325229008688783017e-01  0.000000000000000000e+00 
51 -1.359328505084982930e-01  0.000000000000000000e+00 
52  6.932094969628964376e-02  0.000000000000000000e+00 
53  8.361281904959798339e-02  0.000000000000000000e+00 
54  1.865187730197350735e-01  0.000000000000000000e+00 
55  6.110508970502150777e-02  0.000000000000000000e+00 
56 -1.462316421002156711e-02  0.000000000000000000e+00 
57 -2.267620864016910154e-01  0.000000000000000000e+00 
58  6.289815560887113133e-02  0.000000000000000000e+00 
59  2.214606729878409452e-01  0.000000000000000000e+00 
60 -1.461527332099935364e-02  0.000000000000000000e+00 
61  5.679551247025881738e-02  0.000000000000000000e+00 
62  1.670649702540024650e-01  0.000000000000000000e+00 
63  3.428790239587594518e-02  0.000000000000000000e+00 
